-1.125 -1.125 -1.125
-1.125 -1.125 -0.375
-1.125 -0.375 -1.125
-1.125 -0.375 -0.375
-0.375 -1.125 -1.125
-0.375 -1.125 -0.375
-0.375 -0.375 -1.125
-0.375 -0.375 -0.375
-1.125 -1.125 -0.375
-1.125 -1.125 0.375
-1.125 -0.375 -0.37
-1.125 -0.375 0.375
-0.375 -1.125 -0.375
-0.375 -1.125 0.375
-0.375 -0.375 -0.375
-0.375 -0.375 0.375
-1.125 -1.125 0.375
-1.125 -1.125 1.125
-1.125 -0.375 0.375
-1.125 -0.375 1.125
-0.375 -1.125 0.375
-0.375 -1.125 1.125
-0.375 -0.375 0.375
-0.375 -0.375 1.125
-1.125 -0.375 -1.125
-1.125 -0.375 -0.375
-1.125 0.375 -1.125
-1.125 0.375 -0.375
-0.375 -0.375 -1.125
-0.375 -0.375 -0.375
-0.375 0.375 -1.125
-0.375 0.375 -0.375
-1.125 -0.375 -0.375
-1.125 -0.375 0.375
-1.125 0.375 -0.375
-1.125 0.375 0.375
-0.375 -0.375 -0.375
-0.375 -0.375 0.375
-0.375 0.375 -0.375
-0.375 0.375 0.375
-1.125 -0.375 0.375
-1.125 -0.375 1.125
-1.125 0.375 0.375
-1.125 0.375 1.125
-0.375 -0.375 0.375
-0.375 -0.375 1.125
-0.375 0.375 0.375
-0.375 0.375 1.125
-1.125 0.375 -1.125
-1.125 0.375 -0.375
-1.125 1.125 -1.125
-1.125 1.125 -0.375
-0.375 0.375 -1.125
-0.375 0.375 -0.375
-0.375 1.125 -1.125
-0.375 1.125 -0.375
-1.125 0.375 -0.375
-1.125 0.375 0.375
-1.125 1.125 -0.375
-1.125 1.125 0.375
-0.375 0.375 -0.375
-0.375 0.375 0.375
-0.375 1.125 -0.375
-0.375 1.125 0.375
-1.125 0.375 0.375
-1.125 0.375 1.125
-1.125 1.125 0.375
-1.125 1.125 1.125
-0.375 0.375 0.375
-0.375 0.375 1.125
-0.375 1.125 0.375
-0.375 1.125 1.125
-0.375 -1.125 -1.125
-0.375 -1.125 -0.375
-0.375 -0.375 -1.125
-0.375 -0.375 -0.375
0.375 -1.125 -1.125
0.375 -1.125 -0.375
0.375 -0.375 -1.125
0.375 -0.375 -0.375
-0.375 -1.125 -0.375
-0.375 -1.125 0.375
-0.375 -0.375 -0.375
-0.375 -0.375 0.375
0.375 -1.125 -0.375
0.375 -1.125 0.375
0.375 -0.375 -0.375
0.375 -0.375 0.375
-0.375 -1.125 0.375
-0.375 -1.125 1.125
-0.375 -0.375 0.375
-0.375 -0.375 1.125
0.375 -1.125 0.375
0.375 -1.125 1.125
0.375 -0.375 0.375
0.375 -0.375 1.125
-0.375 -0.375 -1.125
-0.375 -0.375 -0.375
-0.375 0.375 -1.125
-0.375 0.375 -0.375
0.375 -0.375 -1.125
0.375 -0.375 -0.375
0.375 0.375 -1.125
0.375 0.375 -0.375
-0.375 -0.375 0.375
-0.375 -0.375 1.125
-0.375 0.375 0.375
-0.375 0.375 1.125
0.375 -0.375 0.375
0.375 -0.375 1.125
0.375 0.375 0.375
0.375 0.375 1.125
-0.375 0.375 -1.125
-0.375 0.375 -0.375
-0.375 1.125 -1.125
-0.375 1.125 -0.375
0.375 0.375 -1.125
0.375 0.375 -0.375
0.375 1.125 -1.125
0.375 1.125 -0.375
-0.375 0.375 -0.375
-0.375 0.375 0.375
-0.375 1.125 -0.375
-0.375 1.125 0.375
0.375 0.375 -0.375
0.375 0.375 0.375
0.375 1.125 -0.375
0.375 1.125 0.375
-0.375 0.375 0.375
-0.375 0.375 1.125
-0.375 1.125 0.375
-0.375 1.125 1.125
0.375 0.375 0.375
0.375 0.375 1.125
0.375 1.125 0.375
0.375 1.125 1.125
0.375 -1.125 -1.125
0.375 -1.125 -0.375
0.375 -0.375 -1.125
0.375 -0.375 -0.375
1.125 -1.125 -1.125
1.125 -1.125 -0.375
1.125 -0.375 -1.125
1.125 -0.375 -0.375
0.375 -1.125 -0.375
0.375 -1.125 0.375
0.375 -0.375 -0.375
0.375 -0.375 0.375
1.125 -1.125 -0.375
1.125 -1.125 0.375
1.125 -0.375 -0.375
1.125 -0.375 0.375
0.375 -1.125 0.375
0.375 -1.125 1.125
0.375 -0.375 0.375
0.375 -0.375 1.125
1.125 -1.125 0.375
1.125 -1.125 1.125
1.125 -0.375 0.375
1.125 -0.375 1.125
0.375 -0.375 -1.125
0.375 -0.375 -0.375
0.375 0.375 -1.125
0.375 0.375 -0.375
1.125 -0.375 -1.125
1.125 -0.375 -0.375
1.125 0.375 -1.125
1.125 0.375 -0.375
0.375 -0.375 -0.375
0.375 -0.375 0.375
0.375 0.375 -0.375
0.375 0.375 0.375
1.125 -0.375 -0.375
1.125 -0.375 0.375
1.125 0.375 -0.375
1.125 0.375 0.375
0.375 -0.375 0.375
0.375 -0.375 1.125
0.375 0.375 0.375
0.375 0.375 1.125
1.125 -0.375 0.375
1.125 -0.375 1.125
1.125 0.375 0.375
1.125 0.375 1.125
0.375 0.375 -1.125
0.375 0.375 -0.375
0.375 1.125 -1.125
0.375 1.125 -0.375
1.125 0.375 -1.125
1.125 0.375 -0.375
1.125 1.125 -1.125
1.125 1.125 -0.375
0.375 0.375 -0.375
0.375 0.375 0.375
0.375 1.125 -0.375
0.375 1.125 0.375
1.125 0.375 -0.375
1.125 0.375 0.375
1.125 1.125 -0.375
1.125 1.125 0.375
0.375 0.375 0.375
0.375 0.375 1.125
0.375 1.125 0.375
0.375 1.125 1.125
1.125 0.375 0.375
1.125 0.375 1.125
1.125 1.125 0.375
1.125 1.125 1.125
-1.03125 -1.03125 1.135
-1.03125 -0.46875 1.135
-0.46875 -1.03125 1.135
-0.46875 -0.46875 1.135
-1.03125 -0.28125 1.135
-1.03125 0.28125 1.135
-0.46875 -0.28125 1.135
-0.46875 0.28125 1.135
-1.03125 0.46875 1.135
-1.03125 1.03125 1.135
-0.46875 0.46875 1.135
-0.46875 1.03125 1.135
-0.28125 -1.03125 1.135
-0.28125 -0.46875 1.135
0.28125 -1.03125 1.135
0.28125 -0.46875 1.135
-0.28125 -0.28125 1.135
-0.28125 0.28125 1.135
0.28125 -0.28125 1.135
0.28125 0.28125 1.135
-0.28125 0.46875 1.135
-0.28125 1.03125 1.135
0.28125 0.46875 1.135
0.28125 1.03125 1.135
0.46875 -1.03125 1.135
0.46875 -0.46875 1.135
1.03125 -1.03125 1.135
1.03125 -0.46875 1.135
0.46875 -0.28125 1.135
0.46875 0.28125 1.135
1.03125 -0.28125 1.135
1.03125 0.28125 1.135
0.46875 0.46875 1.135
0.46875 1.03125 1.135
1.03125 0.46875 1.135
1.03125 1.03125 1.135
-1.03125 -1.03125 -1.135
-1.03125 -0.46875 -1.135
-0.46875 -1.03125 -1.135
-0.46875 -0.46875 -1.135
-1.03125 -0.28125 -1.135
-1.03125 0.28125 -1.135
-0.46875 -0.28125 -1.135
-0.46875 0.28125 -1.135
-1.03125 0.46875 -1.135
-1.03125 1.03125 -1.135
-0.46875 0.46875 -1.135
-0.46875 1.03125 -1.135
-0.28125 -1.03125 -1.135
-0.28125 -0.46875 -1.135
0.28125 -1.03125 -1.135
0.28125 -0.46875 -1.135
-0.28125 -0.28125 -1.135
-0.28125 0.28125 -1.135
0.28125 -0.28125 -1.135
0.28125 0.28125 -1.135
-0.28125 0.46875 -1.135
-0.28125 1.03125 -1.135
0.28125 0.46875 -1.135
0.28125 1.03125 -1.135
0.46875 -1.03125 -1.135
0.46875 -0.46875 -1.135
1.03125 -1.03125 -1.135
1.03125 -0.46875 -1.135
0.46875 -0.28125 -1.135
0.46875 0.28125 -1.135
1.03125 -0.28125 -1.135
1.03125 0.28125 -1.135
0.46875 0.46875 -1.135
0.46875 1.03125 -1.135
1.03125 0.46875 -1.135
1.03125 1.03125 -1.135
-1.03125 1.135 -1.03125
-1.03125 1.135 -0.46875
-0.46875 1.135 -1.03125
-0.46875 1.135 -0.46875
-1.03125 1.135 -0.28125
-1.03125 1.135 0.28125
-0.46875 1.135 -0.28125
-0.46875 1.135 0.28125
-1.03125 1.135 0.46875
-1.03125 1.135 1.03125
-0.46875 1.135 0.46875
-0.46875 1.135 1.03125
-0.28125 1.135 -1.03125
-0.28125 1.135 -0.46875
0.28125 1.135 -1.03125
0.28125 1.135 -0.46875
-0.28125 1.135 -0.28125
-0.28125 1.135 0.28125
0.28125 1.135 -0.28125
0.28125 1.135 0.28125
-0.28125 1.135 0.46875
-0.28125 1.135 1.03125
0.28125 1.135 0.46875
0.28125 1.135 1.03125
0.46875 1.135 -1.03125
0.46875 1.135 -0.46875
1.03125 1.135 -1.03125
1.03125 1.135 -0.46875
0.46875 1.135 -0.28125
0.46875 1.135 0.28125
1.03125 1.135 -0.28125
1.03125 1.135 0.28125
0.46875 1.135 0.46875
0.46875 1.135 1.03125
1.03125 1.135 0.46875
1.03125 1.135 1.03125
-1.03125 -1.135 -1.03125
-1.03125 -1.135 -0.46875
-0.46875 -1.135 -1.03125
-0.46875 -1.135 -0.46875
-1.03125 -1.135 -0.28125
-1.03125 -1.135 0.28125
-0.46875 -1.135 -0.28125
-0.46875 -1.135 0.28125
-1.03125 -1.135 0.46875
-1.03125 -1.135 1.03125
-0.46875 -1.135 0.46875
-0.46875 -1.135 1.03125
-0.28125 -1.135 -1.03125
-0.28125 -1.135 -0.46875
0.28125 -1.135 -1.03125
0.28125 -1.135 -0.46875
-0.28125 -1.135 -0.28125
-0.28125 -1.135 0.28125
0.28125 -1.135 -0.28125
0.28125 -1.135 0.28125
-0.28125 -1.135 0.46875
-0.28125 -1.135 1.03125
0.28125 -1.135 0.46875
0.28125 -1.135 1.03125
0.46875 -1.135 -1.03125
0.46875 -1.135 -0.46875
1.03125 -1.135 -1.03125
1.03125 -1.135 -0.46875
0.46875 -1.135 -0.28125
0.46875 -1.135 0.28125
1.03125 -1.135 -0.28125
1.03125 -1.135 0.28125
0.46875 -1.135 0.46875
0.46875 -1.135 1.03125
1.03125 -1.135 0.46875
1.03125 -1.135 1.03125
1.135 -1.03125 -1.03125
1.135 -1.03125 -0.46875
1.135 -0.46875 -1.03125
1.135 -0.46875 -0.46875
1.135 -1.03125 -0.28125
1.135 -1.03125 0.28125
1.135 -0.46875 -0.28125
1.135 -0.46875 0.28125
1.135 -1.03125 0.46875
1.135 -1.03125 1.03125
1.135 -0.46875 0.46875
1.135 -0.46875 1.03125
1.135 -0.28125 -1.03125
1.135 -0.28125 -0.46875
1.135 0.28125 -1.03125
1.135 0.28125 -0.46875
1.135 -0.28125 -0.28125
1.135 -0.28125 0.28125
1.135 0.28125 -0.28125
1.135 0.28125 0.28125
1.135 -0.28125 0.46875
1.135 -0.28125 1.03125
1.135 0.28125 0.46875
1.135 0.28125 1.03125
1.135 0.46875 -1.03125
1.135 0.46875 -0.46875
1.135 1.03125 -1.03125
1.135 1.03125 -0.46875
1.135 0.46875 -0.28125
1.135 0.46875 0.28125
1.135 1.03125 -0.28125
1.135 1.03125 0.28125
1.135 0.46875 0.46875
1.135 0.46875 1.03125
1.135 1.03125 0.46875
1.135 1.03125 1.03125
-1.135 -1.03125 -1.03125
-1.135 -1.03125 -0.46875
-1.135 -0.46875 -1.03125
-1.135 -0.46875 -0.46875
-1.135 -1.03125 -0.28125
-1.135 -1.03125 0.28125
-1.135 -0.46875 -0.28125
-1.135 -0.46875 0.28125
-1.135 -1.03125 0.46875
-1.135 -1.03125 1.03125
-1.135 -0.46875 0.46875
-1.135 -0.46875 1.03125
-1.135 -0.28125 -1.03125
-1.135 -0.28125 -0.46875
-1.135 0.28125 -1.03125
-1.135 0.28125 -0.46875
-1.135 -0.28125 -0.28125
-1.135 -0.28125 0.28125
-1.135 0.28125 -0.28125
-1.135 0.28125 0.28125
-1.135 -0.28125 0.46875
-1.135 -0.28125 1.03125
-1.135 0.28125 0.46875
-1.135 0.28125 1.03125
-1.135 0.46875 -1.03125
-1.135 0.46875 -0.46875
-1.135 1.03125 -1.03125
-1.135 1.03125 -0.46875
-1.135 0.46875 -0.28125
-1.135 0.46875 0.28125
-1.135 1.03125 -0.28125
-1.135 1.03125 0.28125
-1.135 0.46875 0.46875
-1.135 0.46875 1.03125
-1.135 1.03125 0.46875
-1.135 1.03125 1.03125